function [cx, cx2] = icp_data()

% ICP_DATA      A function
%               ...

% Author: Andrew Fitzgibbon <awf@robots.ox.ac.uk>
% Date: 10 Sep 01


cx = [
  253.5000   36.7167
  252.5000   36.7713
  251.5000   36.7136
  250.5000   36.6353
  249.5000   36.5606
  248.5000   36.4895
  247.5000   36.3981
  246.5000   36.1515
  245.5150   35.4851
  244.7090   34.2905
  244.4380   33.5618
  243.5120   32.4880
  242.5000   31.8826
  241.5000   31.6013
  240.5000   31.4433
  239.5000   31.3353
  238.5000   31.2687
  237.5000   31.2268
  236.5000   31.1804
  235.5000   31.1105
  234.5000   31.0271
  233.5000   30.9421
  232.5000   30.8642
  231.5000   30.8001
  230.5000   30.7468
  229.5000   30.6959
  228.5000   30.6578
  227.5000   30.6472
  226.5000   30.6934
  225.5000   30.8877
  224.4150   31.4152
  223.3520   32.3522
  222.6230   33.5000
  222.3900   34.5000
  222.2460   35.5000
  222.1610   36.5000
  222.1080   37.5000
  222.0680   38.5000
  222.0360   39.5000
  222.0050   40.5000
  221.9750   41.5000
  221.9590   42.5000
  221.9740   43.5000
  222.0640   44.5000
  222.2540   45.5000
  222.5520   46.4479
  223.3440   47.6563
  224.3890   48.6109
  225.5000   49.2411
  226.5000   49.4602
  227.5000   49.5600
  228.5000   49.6226
  229.5000   49.7148
  230.5000   49.8427
  231.5000   49.9787
  232.5000   50.1041
  233.5000   50.1969
  234.5000   50.2724
  235.5000   50.3363
  236.5000   50.3882
  237.5000   50.4312
  238.5000   50.4642
  239.5000   50.4751
  240.5000   50.4541
  241.5000   50.3958
  242.5000   50.2001
  243.5700   49.5704
  244.4730   48.4726
  244.7350   47.7350
  245.5140   46.5144
  246.5000   45.8885
  247.5000   45.8642
  248.5000   45.9409
  249.5000   46.0001
  250.5000   46.0692
  251.5000   46.1875
  252.5000   46.3043
  253.5000   46.4349
  254.2720   46.7275
  255.1310   47.5000
  255.3660   48.5000
  255.3760   49.5000
  255.3420   50.5000
  255.2700   51.5000
  255.1450   52.5000
  254.9530   53.5000
  254.6810   54.5000
  254.3630   55.5000
  253.6620   56.6623
  253.3610   57.3607
  252.4270   58.4268
  251.2550   59.2550
  250.4900   59.4897
  249.5000   59.7469
  248.5000   59.9504
  247.5000   60.1232
  246.5000   60.2181
  245.5000   60.2637
  244.5000   60.3013
  243.5000   60.3290
  242.5000   60.3324
  241.5000   60.3087
  240.5000   60.2613
  239.5000   60.1977
  238.5000   60.1355
  237.5000   60.0712
  236.5000   59.9777
  235.5000   59.8671
  234.5000   59.7756
  233.5000   59.6936
  232.5000   59.6152
  231.5000   59.5448
  230.5000   59.4766
  229.5000   59.4271
  228.5000   59.4025
  227.5000   59.3698
  226.5000   59.3055
  225.5000   59.2054
  224.5000   59.0648
  223.5000   58.8977
  222.5000   58.7537
  221.5000   58.6216
  220.5000   58.4452
  219.5000   58.1946
  218.5000   57.8651
  217.5000   57.5479
  216.7290   57.2708
  215.5530   56.4475
  214.5050   55.4953
  213.5600   54.4403
  212.7800   53.2204
  212.5190   52.4807
  212.1740   51.5000
  211.8870   50.5000
  211.7120   49.5000
  211.5810   48.5000
  211.4860   47.5000
  211.4100   46.5000
  211.3530   45.5000
  211.3180   44.5000
  211.3000   43.5000
  211.2980   42.5000
  211.3000   41.5000
  211.3040   40.5000
  211.3270   39.5000
  211.3510   38.5000
  211.3760   37.5000
  211.4080   36.5000
  211.4560   35.5000
  211.5170   34.5000
  211.5830   33.5000
  211.6630   32.5000
  211.7550   31.5000
  211.8650   30.5000
  212.0250   29.5000
  212.2760   28.5000
  212.5730   27.5000
  213.2430   26.2426
  213.5410   25.5408
  214.4240   24.4242
  215.4310   23.4309
  216.6320   22.6323
  217.5000   22.3612
  218.5000   22.0439
  219.5000   21.7209
  220.5000   21.4835
  221.5000   21.3199
  222.5000   21.2233
  223.5000   21.1786
  224.5000   21.1634
  225.5000   21.1543
  226.5000   21.1344
  227.5000   21.1249
  228.5000   21.1530
  229.5000   21.2160
  230.5000   21.2678
  231.5000   21.3117
  232.5000   21.3566
  233.5000   21.4126
  234.5000   21.4746
  235.5000   21.5423
  236.5000   21.6301
  237.5000   21.7262
  238.5000   21.8208
  239.5000   21.9483
  240.5000   22.1096
  241.5000   22.2350
  242.5000   22.3354
  243.5000   22.4446
  244.5000   22.5784
  245.5000   22.7328
  246.5000   22.9041
  247.5000   23.0914
  248.5000   23.2536
  249.5000   23.4428
  250.3040   23.6965
  251.4980   24.5019
  252.5380   25.4616
  253.4600   26.5396
  253.7560   27.2437
  254.3920   28.5000
  254.6610   29.5000
  254.8850   30.5000
  255.1010   31.5000
  255.2220   32.5000
  255.2680   33.5000
  255.2510   34.5000
  255.0950   35.5000
];

