
ans =

    0.3949


ans =

    0.3493


ans =

    0.3386


ans =

    0.3721


ans =

    0.3574


ans =

    0.4494


ans =

    0.3564


ans =

    0.3884


ans =

    0.3709


ans =

    0.3657